Fecha	Hora	Nivel (msnm)	Aforador - Caudal (l/s)	PZ-2-A-1 (Hz)	PZ-2-A-1 (mca)	PZ-2-A-1 (N. Piezom.)	PZ-2-A-1 (%)	PZ-2-A-2 (Hz)	PZ-2-A-2 (mca)	PZ-2-A-2 (N. Piezom.)	PZ-2-A-2 (%)	PZ-2-A-3 (Hz)	PZ-2-A-3 (mca)	PZ-2-A-3 (N. Piezom.)	PZ-2-A-3 (%)	PZ-2-B-1 (Hz)	PZ-2-B-1 (mca)	PZ-2-B-1 (N. Piezom.)
01/01/2020	10:26:33	44,53	0,99	0	199,643	248,343	-4799,11	300,1	179,96	226,16	-10840,948	0	196,267	239,467	14646,797	0	177,482	222,282
01/01/2020	10:26:33	44,53	0,998	2946,7	-1,109	47,591	26,594	0	181,831	228,031	-10888,081	0	196,267	239,467	14756,947	259,6	176,16	220,96
02/01/2020	10:26:33	44,52	0,997	2946,8	-1,123	47,577	26,985	0	181,831	228,031	-10953,687	280	194,58	237,78	14520,89	3018,2	-1,338	43,462
02/01/2020	10:26:33	44,53	1,008	0	199,643	248,343	-4787,599	239,4	180,64	226,84	-10816,768	249,3	194,93	238,13	14656,386	0	177,482	222,282
03/01/2020	10:26:33	44,53	0,99	0	199,643	248,343	-4787,599	0	181,831	228,031	-10888,081	0	196,267	239,467	14756,947	0	177,482	222,282
03/01/2020	10:26:33	44,53	1	2946,6	-1,095	47,605	26,267	0	181,831	228,031	-10888,081	0	196,267	239,467	14756,947	0	177,482	222,282
04/01/2020	10:26:33	44,53	1,003	0	199,643	248,343	-4787,599	0	181,831	228,031	-10888,081	0	196,267	239,467	14756,947	0	177,482	222,282
04/01/2020	10:26:33	44,53	0,997	0	199,643	248,343	-4787,599	0	181,831	228,031	-10888,081	0	196,267	239,467	14756,947	0	177,482	222,282
05/01/2020	10:26:33	44,53	0,995	0	199,643	248,343	-4787,599	0	181,831	228,031	-10888,081	0	196,267	239,467	14756,947	0	177,482	222,282
05/01/2020	10:26:33	44,54	1,024	2947	-1,15	47,55	27,508	269,8	180,319	226,519	-10733,247	0	196,267	239,467	14868,724	0	177,482	222,282
06/01/2020	10:26:33	44,52	1,003	0	199,643	248,343	-4787,599	269,8	180,319	226,519	-10797,507	0	196,267	239,467	14756,947	0	177,482	222,282
06/01/2020	10:26:33	44,53	0,997	0	199,643	248,343	-4787,599	0	181,831	228,031	-10888,081	0	196,267	239,467	14756,947	0	177,482	222,282
07/01/2020	10:26:33	44,52	0,993	0	199,643	248,343	-4776,147	0	181,831	228,031	-10823,282	0	196,267	239,467	14868,724	0	177,482	222,282
07/01/2020	10:26:33	44,53	0,993	2946,9	-1,136	47,564	27,181	329,8	179,571	225,771	-10688,747	0	196,267	239,467	14868,724	0	177,482	222,282
08/01/2020	10:26:33	44,53	1	2946,9	-1,136	47,564	27,181	0	181,831	228,031	-10823,282	0	196,267	239,467	14868,724	0	177,482	222,282
08/01/2020	10:26:33	44,53	0,992	2946,9	-1,136	47,564	27,247	0	181,831	228,031	-10888,081	0	196,267	239,467	14756,947	0	177,482	222,282
09/01/2020	10:26:33	44,52	0,993	0	199,643	248,343	-4776,147	0	181,831	228,031	-10823,282	0	196,267	239,467	14868,724	0	177,482	222,282
09/01/2020	10:26:33	44,52	1,001	2947	-1,15	47,55	27,574	0	181,831	228,031	-10888,081	0	196,267	239,467	14756,947	3018,5	-1,373	43,427
10/01/2020	10:26:33	44,52	0,992	290	197,699	246,399	-4729,631	0	181,831	228,031	-10823,282	0	196,267	239,467	14868,724	0	177,482	222,282
10/01/2020	10:26:33	44,53	0,993	0	199,643	248,343	-4776,147	0	181,831	228,031	-10823,282	299,9	194,332	237,532	14722,095	0	177,482	222,282
11/01/2020	10:26:33	44,52	0,981	0	199,643	248,343	-4776,147	269,9	180,317	226,517	-10733,18	0	196,267	239,467	14868,724	3018,4	-1,361	43,439
11/01/2020	10:26:33	44,52	0,998	2947	-1,15	47,55	27,508	0	181,831	228,031	-10823,282	0	196,267	239,467	14868,724	0	177,482	222,282
12/01/2020	10:26:33	44,52	0,982	2947	-1,15	47,55	27,442	0	181,831	228,031	-10759,226	0	196,267	239,467	14982,249	0	177,482	222,282
12/01/2020	10:26:33	44,52	1,011	0	199,643	248,343	-4776,147	270,2	180,314	226,514	-10732,978	0	196,267	239,467	14868,724	0	177,482	222,282
13/01/2020	10:26:33	44,51	1	289,7	197,703	246,403	-4718,437	0	181,831	228,031	-10759,226	0	196,267	239,467	14982,249	0	177,482	222,282
13/01/2020	10:26:33	44,51	0,995	2947	-1,15	47,55	27,508	0	181,831	228,031	-10823,282	0	196,267	239,467	14868,724	0	177,482	222,282
14/01/2020	10:26:33	44,52	0,976	2947,2	-1,177	47,523	28,093	0	181,831	228,031	-10759,226	0	196,267	239,467	14982,249	3018,7	-1,397	43,403
14/01/2020	10:26:33	44,52	0,989	0	199,643	248,343	-4764,746	0	181,831	228,031	-10759,226	0	196,267	239,467	14982,249	0	177,482	222,282
15/01/2020	10:26:33	44,52	0,987	2947,2	-1,177	47,523	28,16	0	181,831	228,031	-10823,282	0	196,267	239,467	14868,724	3018,5	-1,373	43,427
15/01/2020	10:26:33	44,52	0,992	252,5	198,169	246,869	-4740,883	0	181,831	228,031	-10823,282	0	196,267	239,467	14868,724	0	177,482	222,282
16/01/2020	10:26:33	44,52	0,979	0	199,643	248,343	-4776,147	0	181,831	228,031	-10823,282	0	196,267	239,467	14868,724	0	177,482	222,282
16/01/2020	10:26:33	44,52	0,984	0	199,643	248,343	-4776,147	0	181,831	228,031	-10823,282	0	196,267	239,467	14868,724	0	177,482	222,282
17/01/2020	10:26:33	44,52	0,989	2947	-1,15	47,55	27,442	290,4	180,079	226,279	-10655,532	0	196,267	239,467	14982,249	3017,9	-1,302	43,498
17/01/2020	10:26:33	44,52	0,984	0	199,643	248,343	-4776,147	0	181,831	228,031	-10823,282	0	196,267	239,467	14868,724	0	177,482	222,282
18/01/2020	10:26:33	44,52	1,005	2946,9	-1,136	47,564	27,181	0	181,831	228,031	-10823,282	245,1	194,974	238,174	14770,787	0	177,482	222,282
18/01/2020	10:26:33	44,53	1,005	2947	-1,15	47,55	27,508	0	181,831	228,031	-10823,282	0	196,267	239,467	14868,724	0	177,482	222,282
19/01/2020	10:26:33	44,53	0,989	2947,2	-1,177	47,523	28,227	0	181,831	228,031	-10888,081	0	196,267	239,467	14756,947	0	177,482	222,282
19/01/2020	10:26:33	44,54	1,003	2947,4	-1,204	47,496	28,812	0	181,831	228,031	-10823,282	230,4	195,125	238,325	14782,181	0	177,482	222,282
20/01/2020	10:26:33	44,52	1	2947,6	-1,232	47,468	29,677	0	181,831	228,031	-11020,062	0	196,267	239,467	14538,321	0	177,482	222,282
20/01/2020	10:26:33	44,52	1,005	2947,7	-1,245	47,455	29,79	0	181,831	228,031	-10823,282	0	196,267	239,467	14868,724	3019,4	-1,48	43,32
21/01/2020	10:26:33	44,51	0,992	0	199,643	248,343	-4776,147	0	181,831	228,031	-10823,282	0	196,267	239,467	14868,724	0	177,482	222,282
21/01/2020	10:26:33	44,52	0,995	0	199,643	248,343	-4787,599	0	181,831	228,031	-10888,081	0	196,267	239,467	14756,947	0	177,482	222,282
22/01/2020	10:26:33	44,52	1,003	2947,9	-1,272	47,428	30,442	0	181,831	228,031	-10823,282	0	196,267	239,467	14868,724	0	177,482	222,282
22/01/2020	10:26:33	44,53	1,018	0	199,643	248,343	-4776,147	0	181,831	228,031	-10823,282	0	196,267	239,467	14868,724	3019,4	-1,48	43,32
23/01/2020	10:26:33	44,54	1,016	0	199,643	248,343	-4787,599	0	181,831	228,031	-10888,081	0	196,267	239,467	14756,947	0	177,482	222,282
23/01/2020	10:26:33	44,54	1,016	0	199,643	248,343	-4787,599	0	181,831	228,031	-10888,081	0	196,267	239,467	14756,947	0	177,482	222,282
24/01/2020	10:26:33	44,56	1,095	0	199,643	248,343	-4799,11	0	181,831	228,031	-10953,687	0	196,267	239,467	14646,797	3019	-1,432	43,368
24/01/2020	10:26:33	44,58	1,171	2947,7	-1,245	47,455	30,005	0	181,831	228,031	-11020,062	0	196,267	239,467	14538,321	3019,2	-1,456	43,344
25/01/2020	10:26:33	44,65	1,203	0	199,643	248,343	-4833,969	0	181,831	228,031	-11155,279	0	196,267	239,467	14326,077	0	177,482	222,282
25/01/2020	10:26:33	44,8	1,171	2947,3	-1,191	47,509	29,042	0	181,831	228,031	-11364,433	0	196,267	239,467	14019,103	0	177,482	222,282
26/01/2020	10:26:33	44,84	1,14	2946,9	-1,136	47,564	28,984	0	181,831	228,031	-12804,994	0	196,267	239,467	12421,984	0	177,482	222,282
26/01/2020	10:26:33	44,85	1,121	257,6	198,109	246,809	-5119,091	0	181,831	228,031	-13272,358	0	196,267	239,467	12040,919	0	177,482	222,282
27/01/2020	10:26:33	44,85	1,119	2946,5	-1,082	47,618	28,023	0	181,831	228,031	-13369,934	0	196,267	239,467	11967,511	0	177,482	222,282
27/01/2020	10:26:33	44,86	1,112	2946,3	-1,054	47,646	27,388	0	181,831	228,031	-13468,953	0	196,267	239,467	11894,993	244	176,314	221,114
28/01/2020	10:26:33	44,86	1,09	0	199,643	248,343	-5185,528	0	181,831	228,031	-13468,953	0	196,267	239,467	11894,993	0	177,482	222,282
28/01/2020	10:26:33	44,87	1,1	2946,1	-1,027	47,673	26,751	0	181,831	228,031	-13569,488	0	196,267	239,467	11823,32	0	177,482	222,282
29/01/2020	10:26:33	44,87	1,085	2946,2	-1,041	47,659	27,034	0	181,831	228,031	-13468,953	0	196,267	239,467	11894,993	0	177,482	222,282
29/01/2020	10:26:33	44,87	1,095	2946,2	-1,041	47,659	27,175	0	181,831	228,031	-13671,498	0	196,267	239,467	11752,534	0	177,482	222,282
30/01/2020	10:26:33	44,86	1,079	0	199,643	248,343	-5212,607	0	181,831	228,031	-13671,498	0	196,267	239,467	11752,534	0	177,482	222,282
30/01/2020	10:26:33	44,87	1,084	2946,1	-1,027	47,673	26,82	0	181,831	228,031	-13671,498	0	196,267	239,467	11752,534	0	177,482	222,282
31/01/2020	10:26:33	44,87	1,074	0	199,643	248,343	-5199,035	0	181,831	228,031	-13569,488	0	196,267	239,467	11823,32	304,8	175,659	220,459
31/01/2020	10:26:33	44,87	1,085	2946,2	-1,041	47,659	27,175	0	181,831	228,031	-13671,498	0	196,267	239,467	11752,534	0	177,482	222,282
01/02/2020	10:26:33	44,87	1,085	0	199,643	248,343	-5226,256	0	181,831	228,031	-13775,093	0	196,267	239,467	11682,563	0	177,482	222,282
01/02/2020	10:26:33	44,89	1,087	0	199,643	248,343	-5212,607	0	181,831	228,031	-13671,498	0	196,267	239,467	11752,534	0	177,482	222,282
02/02/2020	10:26:33	44,88	1,084	2946	-1,014	47,686	26,534	0	181,831	228,031	-13775,093	0	196,267	239,467	11682,563	3018	-1,314	43,486
02/02/2020	10:26:33	44,89	1,08	2946	-1,014	47,686	26,534	0	181,831	228,031	-13775,093	267,8	194,724	237,924	11590,697	220,1	176,531	221,331
03/02/2020	10:26:33	44,88	1,082	0	199,643	248,343	-5226,256	0	181,831	228,031	-13775,093	0	196,267	239,467	11682,563	0	177,482	222,282
03/02/2020	10:26:33	44,89	1,085	0	199,643	248,343	-5226,256	0	181,831	228,031	-13775,093	0	196,267	239,467	11682,563	0	177,482	222,282
04/02/2020	10:26:33	44,88	1,07	0	199,643	248,343	-5226,256	0	181,831	228,031	-13775,093	0	196,267	239,467	11682,563	0	177,482	222,282
04/02/2020	10:26:33	44,88	1,077	2946,1	-1,027	47,673	26,82	0	181,831	228,031	-13671,498	0	196,267	239,467	11752,534	0	177,482	222,282
05/02/2020	10:26:33	44,88	1,07	0	199,643	248,343	-5226,256	0	181,831	228,031	-13775,093	0	196,267	239,467	11682,563	3018,4	-1,361	43,439
05/02/2020	10:26:33	44,88	1,079	0	199,643	248,343	-5212,607	0	181,831	228,031	-13671,498	0	196,267	239,467	11752,534	3018,4	-1,361	43,439
06/02/2020	10:26:33	44,87	1,059	0	199,643	248,343	-5212,607	0	181,831	228,031	-13671,498	0	196,267	239,467	11752,534	0	177,482	222,282
06/02/2020	10:26:33	44,86	1,067	2946,4	-1,068	47,632	27,886	0	181,831	228,031	-13671,498	0	196,267	239,467	11752,534	269,9	176,052	220,852
07/02/2020	10:26:33	44,87	1,057	2946,5	-1,082	47,618	28,169	0	181,831	228,031	-13569,488	0	196,267	239,467	11823,32	0	177,482	222,282
07/02/2020	10:26:33	44,89	1,07	287,9	197,727	246,427	-5162,573	0	181,831	228,031	-13671,498	0	196,267	239,467	11752,534	3018,4	-1,361	43,439
08/02/2020	10:26:33	44,91	1,054	2946,3	-1,054	47,646	27,531	2941,4	2,046	48,246	-153,841	0	196,267	239,467	11752,534	0	177,482	222,282
08/02/2020	10:26:33	44,95	1,055	2946,2	-1,041	47,659	27,462	0	181,831	228,031	-14095,43	0	196,267	239,467	11477,614	0	177,482	222,282
09/02/2020	10:26:33	44,97	1,06	0	199,643	248,343	-5295,568	0	181,831	228,031	-14317,41	0	196,267	239,467	11344,923	0	177,482	222,282
09/02/2020	10:26:33	45	1,077	2946	-1,014	47,686	27,174	0	181,831	228,031	-14783,027	0	196,267	239,467	11088,534	0	177,482	222,282
10/02/2020	10:26:33	44,99	1,08	0	199,643	248,343	-5366,745	0	181,831	228,031	-14904,18	0	196,267	239,467	11026,25	3017,6	-1,267	43,533
10/02/2020	10:26:33	44,98	1,08	2945,9	-1	47,7	26,953	0	181,831	228,031	-15027,382	0	196,267	239,467	10964,637	3017,8	-1,29	43,51
11/02/2020	10:26:33	44,99	1,072	0	199,643	248,343	-5381,213	0	181,831	228,031	-15027,382	0	196,267	239,467	10964,637	3017,9	-1,302	43,498
11/02/2020	10:26:33	44,99	1,084	0	199,643	248,343	-5366,745	0	181,831	228,031	-14904,18	0	196,267	239,467	11026,25	0	177,482	222,282
12/02/2020	10:26:33	44,99	1,065	2946,2	-1,041	47,659	27,979	2952,5	0,687	46,887	-56,278	0	196,267	239,467	11026,25	0	177,482	222,282
12/02/2020	10:26:33	44,99	1,084	2946,4	-1,068	47,632	28,788	201,8	180,985	227,185	-14957,446	0	196,267	239,467	10964,637	3018,2	-1,338	43,462
13/02/2020	10:26:33	44,99	1,069	0	199,643	248,343	-5381,213	0	181,831	228,031	-15027,382	0	196,267	239,467	10964,637	0	177,482	222,282
13/02/2020	10:26:33	44,99	1,085	2946,3	-1,054	47,646	28,422	0	181,831	228,031	-15027,382	0	196,267	239,467	10964,637	3018,4	-1,361	43,439
14/02/2020	10:26:33	44,99	1,082	0	199,643	248,343	-5395,754	0	181,831	228,031	-15152,588	0	196,267	239,467	10903,733	0	177,482	222,282
14/02/2020	10:26:33	45,02	1,094	2946,3	-1,054	47,646	28,422	0	181,831	228,031	-15027,382	0	196,267	239,467	10964,637	0	177,482	222,282
15/02/2020	10:26:33	45,04	1,067	0	199,643	248,343	-5425,08	296,9	179,999	226,199	-15254,184	0	196,267	239,467	10783,909	3018	-1,314	43,486
15/02/2020	10:26:33	45,07	1,074	2946,4	-1,068	47,632	29,182	0	181,831	228,031	-15675,104	0	196,267	239,467	10666,689	0	177,482	222,282
16/02/2020	10:26:33	45,09	1,085	0	199,643	248,343	-5499,804	274,3	180,268	226,468	-15952,879	0	196,267	239,467	10495,573	279	175,954	220,754
16/02/2020	10:26:33	45,11	1,089	2946,3	-1,054	47,646	29,209	0	181,831	228,031	-16381,179	0	196,267	239,467	10384,506	3017,8	-1,29	43,51
17/02/2020	10:26:33	45,11	1,082	2946,3	-1,054	47,646	29,372	0	181,831	228,031	-16681,756	0	196,267	239,467	10275,766	3017,6	-1,267	43,533
17/02/2020	10:26:33	45,12	1,1	2946,3	-1,054	47,646	29,372	0	181,831	228,031	-16681,756	0	196,267	239,467	10275,766	3017,8	-1,29	43,51
18/02/2020	10:26:33	45,11	1,084	2946,3	-1,054	47,646	29,372	0	181,831	228,031	-16681,756	0	196,267	239,467	10275,766	0	177,482	222,282
18/02/2020	10:26:33	45,11	1,095	0	199,643	248,343	-5561,085	0	181,831	228,031	-16681,756	229,5	195,134	238,334	10216,422	0	177,482	222,282
19/02/2020	10:26:33	45,11	1,089	2946,5	-1,082	47,618	30,215	270	180,316	226,516	-16695,928	0	196,267	239,467	10222,255	0	177,482	222,282
19/02/2020	10:26:33	45,12	1,106	2946,5	-1,082	47,618	30,131	270	180,316	226,516	-16542,779	0	196,267	239,467	10275,766	0	177,482	222,282
20/02/2020	10:26:33	45,11	1,082	0	199,643	248,343	-5545,634	233,7	180,696	226,896	-16426,898	243,6	194,99	238,19	10262,648	0	177,482	222,282
20/02/2020	10:26:33	45,1	1,089	2946,7	-1,109	47,591	30,89	0	181,831	228,031	-16681,756	0	196,267	239,467	10275,766	3018,4	-1,361	43,439
21/02/2020	10:26:33	45,1	1,075	0	199,643	248,343	-5545,634	0	181,831	228,031	-16530,072	0	196,267	239,467	10329,86	3018,1	-1,326	43,474
21/02/2020	10:26:33	45,13	1,085	2946,7	-1,109	47,591	30,89	0	181,831	228,031	-16681,756	0	196,267	239,467	10275,766	0	177,482	222,282
22/02/2020	10:26:33	45,15	1,069	0	199,643	248,343	-5561,085	0	181,831	228,031	-16681,756	0	196,267	239,467	10275,766	0	177,482	222,282
22/02/2020	10:26:33	45,18	1,09	2946,6	-1,095	47,605	30,768	0	181,831	228,031	-17153,861	0	196,267	239,467	10116,868	0	177,482	222,282
23/02/2020	10:26:33	45,19	1,099	2946,5	-1,082	47,618	30,556	0	181,831	228,031	-17483,75	0	196,267	239,467	10013,632	0	177,482	222,282
23/02/2020	10:26:33	45,22	1,102	2946,5	-1,082	47,618	30,817	0	181,831	228,031	-18003,049	0	196,267	239,467	9862,68	0	177,482	222,282
24/02/2020	10:26:33	45,21	1,09	2946,5	-1,082	47,618	30,905	0	181,831	228,031	-18183,117	0	196,267	239,467	9813,355	0	177,482	222,282
24/02/2020	10:26:33	45,22	1,114	0	199,643	248,343	-5720,426	0	181,831	228,031	-18366,754	0	196,267	239,467	9764,541	0	177,482	222,282
25/02/2020	10:26:33	45,21	1,106	2946,7	-1,109	47,591	31,684	0	181,831	228,031	-18183,117	0	196,267	239,467	9813,355	0	177,482	222,282
25/02/2020	10:26:33	45,21	1,114	2946,8	-1,123	47,577	32,166	0	181,831	228,031	-18366,754	0	196,267	239,467	9764,541	0	177,482	222,282
26/02/2020	10:26:33	45,21	1,107	2946,8	-1,123	47,577	32,074	0	181,831	228,031	-18183,117	0	196,267	239,467	9813,355	0	177,482	222,282
26/02/2020	10:26:33	45,21	1,123	2946,9	-1,136	47,564	32,555	0	181,831	228,031	-18366,754	0	196,267	239,467	9764,541	189,9	176,775	221,575
27/02/2020	10:26:33	45,21	1,107	0	199,643	248,343	-5704,084	0	181,831	228,031	-18183,117	0	196,267	239,467	9813,355	0	177,482	222,282
27/02/2020	10:26:33	45,21	1,119	2947	-1,15	47,55	32,852	0	181,831	228,031	-18183,117	0	196,267	239,467	9813,355	0	177,482	222,282
28/02/2020	10:26:33	45,2	1,106	0	199,643	248,343	-5720,426	0	181,831	228,031	-18366,754	0	196,267	239,467	9764,541	0	177,482	222,282
28/02/2020	10:26:33	45,2	1,109	2947,1	-1,163	47,537	33,337	0	181,831	228,031	-18366,754	0	196,267	239,467	9764,541	3018,6	-1,385	43,415
29/02/2020	10:26:33	45,2	1,116	0	199,643	248,343	-5704,084	0	181,831	228,031	-18183,117	0	196,267	239,467	9813,355	0	177,482	222,282
29/02/2020	10:26:33	45,2	1,121	2947,2	-1,177	47,523	33,631	0	181,831	228,031	-18183,117	0	196,267	239,467	9813,355	0	177,482	222,282
01/03/2020	10:26:33	45,21	1,116	0	199,643	248,343	-5720,426	0	181,831	228,031	-18366,754	0	196,267	239,467	9764,541	0	177,482	222,282
01/03/2020	10:26:33	45,21	1,121	2947,3	-1,191	47,509	34,021	0	181,831	228,031	-18183,117	0	196,267	239,467	9813,355	0	177,482	222,282
02/03/2020	10:26:33	45,21	1,087	0	199,643	248,343	-5720,426	0	181,831	228,031	-18366,754	0	196,267	239,467	9764,541	0	177,482	222,282
02/03/2020	10:26:33	45,22	1,116	0	199,643	248,343	-5720,426	0	181,831	228,031	-18366,754	0	196,267	239,467	9764,541	0	177,482	222,282
03/03/2020	10:26:33	45,21	1,109	2947,2	-1,177	47,523	33,727	0	181,831	228,031	-18366,754	0	196,267	239,467	9764,541	3017,9	-1,302	43,498
03/03/2020	10:26:33	45,22	1,112	2947,2	-1,177	47,523	33,727	206,5	180,945	227,145	-18277,25	0	196,267	239,467	9764,541	0	177,482	222,282
04/03/2020	10:26:33	45,21	1,107	0	199,643	248,343	-5720,426	0	181,831	228,031	-18366,754	0	196,267	239,467	9764,541	0	177,482	222,282
04/03/2020	10:26:33	45,2	1,104	0	199,643	248,343	-5720,426	0	181,831	228,031	-18366,754	0	196,267	239,467	9764,541	0	177,482	222,282
05/03/2020	10:26:33	45,2	1,085	0	0	0	0	0	0	0	0	0	0	0	0	0	0	0
05/03/2020	10:26:33	45,21	1,118	0	199,643	248,343	-5704,084	0	181,831	228,031	-18183,117	0	196,267	239,467	9813,355	3018,5	-1,373	43,427
06/03/2020	10:26:33	45,2	1,094	2947,4	-1,204	47,496	34,409	0	181,831	228,031	-18183,117	0	196,267	239,467	9813,355	0	177,482	222,282
06/03/2020	10:26:33	45,2	1,109	0	199,643	248,343	-5704,084	0	181,831	228,031	-18183,117	0	196,267	239,467	9813,355	0	177,482	222,282
07/03/2020	10:26:33	45,2	1,087	2947,3	-1,191	47,509	34,021	0	181,831	228,031	-18183,117	0	196,267	239,467	9813,355	209,7	176,619	221,419
07/03/2020	10:26:33	45,2	1,116	0	199,643	248,343	-5704,084	0	181,831	228,031	-18183,117	220	195,226	238,426	9761,277	0	177,482	222,282
08/03/2020	10:26:33	45,19	1,087	2947,6	-1,232	47,468	35,088	0	181,831	228,031	-18003,049	0	196,267	239,467	9862,68	0	177,482	222,282
08/03/2020	10:26:33	45,2	1,1	2947,3	-1,191	47,509	34,021	0	181,831	228,031	-18183,117	0	196,267	239,467	9813,355	3018	-1,314	43,486
09/03/2020	10:26:33	45,18	1,084	0	199,643	248,343	-5671,674	211,1	180,905	227,105	-17735,791	0	196,267	239,467	9912,482	0	177,482	222,282
09/03/2020	10:26:33	45,18	1,106	0	199,643	248,343	-5687,83	0	181,831	228,031	-18003,049	0	196,267	239,467	9862,68	0	177,482	222,282
10/03/2020	10:26:33	45,15	1,085	2947,3	-1,191	47,509	33,732	0	181,831	228,031	-17653,469	0	196,267	239,467	9962,811	0	177,482	222,282
10/03/2020	10:26:33	45,16	1,106	2947,3	-1,191	47,509	33,636	0	181,831	228,031	-17483,75	0	196,267	239,467	10013,632	0	177,482	222,282
11/03/2020	10:26:33	45,13	1,092	2947,4	-1,204	47,496	33,925	0	181,831	228,031	-17317,268	0	196,267	239,467	10064,976	0	177,482	222,282
11/03/2020	10:26:33	45,11	1,09	2947,5	-1,218	47,482	34,212	0	181,831	228,031	-17153,861	0	196,267	239,467	10116,868	0	177,482	222,282
12/03/2020	10:26:33	45,11	1,079	2947,6	-1,232	47,468	34,402	0	181,831	228,031	-16836,191	0	196,267	239,467	10222,255	0	177,482	222,282
12/03/2020	10:26:33	45,09	1,084	0	199,643	248,343	-5561,085	0	181,831	228,031	-16681,756	0	196,267	239,467	10275,766	0	177,482	222,282
13/03/2020	10:26:33	45,09	1,075	0	199,643	248,343	-5545,634	0	181,831	228,031	-16530,072	0	196,267	239,467	10329,86	0	177,482	222,282
13/03/2020	10:26:33	45,08	1,087	0	199,643	248,343	-5530,275	0	181,831	228,031	-16381,179	0	196,267	239,467	10384,506	0	177,482	222,282
14/03/2020	10:26:33	45,07	1,08	2947,8	-1,259	47,441	34,775	0	181,831	228,031	-16234,942	0	196,267	239,467	10439,734	0	177,482	222,282
14/03/2020	10:26:33	45,07	1,092	0	199,643	248,343	-5499,804	0	181,831	228,031	-16091,24	0	196,267	239,467	10495,573	0	177,482	222,282
15/03/2020	10:26:33	45,06	1,08	0	199,643	248,343	-5499,804	0	181,831	228,031	-16091,24	0	196,267	239,467	10495,573	0	177,482	222,282
15/03/2020	10:26:33	45,06	1,065	0	199,643	248,343	-5484,698	0	181,831	228,031	-15950,111	0	196,267	239,467	10551,991	0	177,482	222,282
16/03/2020	10:26:33	45,04	1,072	0	199,643	248,343	-5469,668	0	181,831	228,031	-15811,386	0	196,267	239,467	10609,042	3018,6	-1,385	43,415
16/03/2020	10:26:33	45,04	1,097	0	199,643	248,343	-5439,86	0	181,831	228,031	-15541,1	0	196,267	239,467	10724,99	0	177,482	222,282
17/03/2020	10:26:33	45,03	1,08	2948	-1,286	47,414	35,14	0	181,831	228,031	-15675,104	0	196,267	239,467	10666,689	0	177,482	222,282
17/03/2020	10:26:33	45,04	1,095	0	199,643	248,343	-5454,726	0	181,831	228,031	-15675,104	0	196,267	239,467	10666,689	0	177,482	222,282
18/03/2020	10:26:33	45,03	1,074	0	199,643	248,343	-5454,726	0	181,831	228,031	-15675,104	0	196,267	239,467	10666,689	0	177,482	222,282
18/03/2020	10:26:33	45,03	1,085	0	199,643	248,343	-5439,86	0	181,831	228,031	-15541,1	0	196,267	239,467	10724,99	0	177,482	222,282
19/03/2020	10:26:33	45,03	1,077	2948,1	-1,3	47,4	35,416	0	181,831	228,031	-15541,1	0	196,267	239,467	10724,99	0	177,482	222,282
19/03/2020	10:26:33	45,02	1,084	2948,1	-1,3	47,4	35,416	0	181,831	228,031	-15541,1	0	196,267	239,467	10724,99	0	177,482	222,282
20/03/2020	10:26:33	45,03	1,084	0	199,643	248,343	-5425,08	0	181,831	228,031	-15409,418	200	195,406	238,606	10736,612	0	177,482	222,282
20/03/2020	10:26:33	45,05	1,1	2948,2	-1,313	47,387	35,69	0	181,831	228,031	-15409,418	0	196,267	239,467	10783,909	0	177,482	222,282
21/03/2020	10:26:33	45,04	1,095	2948,3	-1,327	47,373	36,159	0	181,831	228,031	-15541,1	0	196,267	239,467	10724,99	215	176,575	221,375
21/03/2020	10:26:33	45,05	1,107	2948,6	-1,368	47,332	37,375	0	181,831	228,031	-15675,104	0	196,267	239,467	10666,689	228,8	176,455	221,255
22/03/2020	10:26:33	45,05	1,089	0	199,643	248,343	-5469,668	0	181,831	228,031	-15811,386	0	196,267	239,467	10609,042	0	177,482	222,282
22/03/2020	10:26:33	45,06	1,097	0	199,643	248,343	-5469,668	0	181,831	228,031	-15811,386	0	196,267	239,467	10609,042	3019,2	-1,456	43,344
23/03/2020	10:26:33	45,06	1,082	0	199,643	248,343	-5469,668	0	181,831	228,031	-15811,386	0	196,267	239,467	10609,042	0	177,482	222,282
23/03/2020	10:26:33	45,06	1,104	2948,1	-1,3	47,4	35,708	228,3	180,748	226,948	-15855,105	0	196,267	239,467	10551,991	0	177,482	222,282
24/03/2020	10:26:33	45,06	1,087	2947,9	-1,272	47,428	34,958	0	181,831	228,031	-15950,111	0	196,267	239,467	10551,991	0	177,482	222,282
24/03/2020	10:26:33	45,06	1,092	2947,7	-1,245	47,455	34,209	0	181,831	228,031	-15950,111	0	196,267	239,467	10551,991	0	177,482	222,282
25/03/2020	10:26:33	45,06	1,09	0	199,643	248,343	-5484,698	0	181,831	228,031	-15950,111	0	196,267	239,467	10551,991	0	177,482	222,282
25/03/2020	10:26:33	45,06	1,106	2947,2	-1,177	47,523	32,427	0	181,831	228,031	-16091,24	0	196,267	239,467	10495,573	3018,8	-1,409	43,391
26/03/2020	10:26:33	45,06	1,092	0	199,643	248,343	-5484,698	0	181,831	228,031	-15950,111	0	196,267	239,467	10551,991	0	177,482	222,282
26/03/2020	10:26:33	45,08	1,092	2947,4	-1,204	47,496	33,177	0	181,831	228,031	-16091,24	0	196,267	239,467	10495,573	0	177,482	222,282
27/03/2020	10:26:33	45,06	1,08	2947,5	-1,218	47,482	33,553	0	181,831	228,031	-16091,24	0	196,267	239,467	10495,573	0	177,482	222,282
27/03/2020	10:26:33	45,07	1,099	2947,4	-1,204	47,496	33,086	250,5	180,527	226,727	-15835,73	0	196,267	239,467	10551,991	0	177,482	222,282
28/03/2020	10:26:33	45,06	1,07	2947,2	-1,177	47,523	32,427	0	181,831	228,031	-16091,24	0	196,267	239,467	10495,573	0	177,482	222,282
28/03/2020	10:26:33	45,07	1,09	236,7	198,348	247,048	-5449,111	0	181,831	228,031	-15950,111	0	196,267	239,467	10551,991	0	177,482	222,282
29/03/2020	11:26:33	45,05	1,072	2946,9	-1,136	47,564	31,3	0	181,831	228,031	-16091,24	0	196,267	239,467	10495,573	0	177,482	222,282
29/03/2020	11:26:33	45,05	1,094	0	199,643	248,343	-5484,698	0	181,831	228,031	-15950,111	235,5	195,074	238,274	10487,825	0	177,482	222,282
30/03/2020	11:26:33	45,05	1,095	0	199,643	248,343	-5469,668	0	181,831	228,031	-15811,386	0	196,267	239,467	10609,042	3019	-1,432	43,368
30/03/2020	11:26:33	45,09	1,227	2947,7	-1,245	47,455	34,209	0	181,831	228,031	-15950,111	0	196,267	239,467	10551,991	0	177,482	222,282
31/03/2020	11:26:33	45,1	1,241	2947,8	-1,259	47,441	34,775	289,9	180,085	226,285	-16079,013	0	196,267	239,467	10439,734	3019,6	-1,504	43,296
31/03/2020	11:26:33	45,12	1,225	2947,6	-1,232	47,468	34,211	260,6	180,42	226,62	-16401,779	0	196,267	239,467	10329,86	0	177,482	222,282
01/04/2020	11:26:33	45,15	1,205	2947,3	-1,191	47,509	33,26	0	181,831	228,031	-16836,191	303,4	194,286	237,486	10119,08	0	177,482	222,282
01/04/2020	11:26:33	45,17	1,273	0	199,643	248,343	-5623,747	0	181,831	228,031	-17317,268	0	196,267	239,467	10064,976	0	177,482	222,282
02/04/2020	11:26:33	45,2	1,238	0	0	0	0	0	0	0	0	0	0	0	0	0	0	0
02/04/2020	11:26:33	45,26	1,221	0	199,643	248,343	-5687,83	0	181,831	228,031	-18003,049	0	196,267	239,467	9862,68	3018,9	-1,421	43,379
03/04/2020	11:26:33	45,27	1,184	2947	-1,15	47,55	32,946	0	181,831	228,031	-18366,754	259,9	194,813	238,013	9692,221	0	177,482	222,282
03/04/2020	11:26:33	45,29	1,191	290,1	197,697	246,397	-5730,354	0	181,831	228,031	-19140,109	0	196,267	239,467	9574,009	0	177,482	222,282
04/04/2020	11:26:33	45,32	1,166	0	199,643	248,343	-5820,494	0	181,831	228,031	-19551,734	0	196,267	239,467	9481,504	3018,9	-1,421	43,379
04/04/2020	11:26:33	45,35	1,182	2947,3	-1,191	47,509	35,021	0	181,831	228,031	-20203,43	0	196,267	239,467	9346,06	0	177,482	222,282
05/04/2020	11:26:33	45,37	1,18	2947,2	-1,177	47,523	34,928	0	181,831	228,031	-20900,16	0	196,267	239,467	9214,413	0	177,482	222,282
05/04/2020	11:26:33	45,38	1,189	0	199,643	248,343	-5977,334	0	181,831	228,031	-21646,564	0	196,267	239,467	9086,441	0	177,482	222,282
06/04/2020	11:26:33	45,41	1,177	2947,2	-1,177	47,523	35,454	0	181,831	228,031	-22174,543	0	196,267	239,467	9003,077	0	177,482	222,282
06/04/2020	11:26:33	45,44	1,191	2946,8	-1,123	47,577	34,018	0	181,831	228,031	-22728,918	0	196,267	239,467	8921,229	0	177,482	222,282
07/04/2020	11:26:33	45,44	1,177	2946,8	-1,123	47,577	34,121	0	181,831	228,031	-23016,578	0	196,267	239,467	8880,868	0	177,482	222,282
07/04/2020	11:26:33	45,47	1,184	2946,8	-1,123	47,577	34,435	0	181,831	228,031	-23925,088	0	196,267	239,467	8761,933	0	177,482	222,282
08/04/2020	11:26:33	45,48	1,186	2946,7	-1,109	47,591	34,227	0	181,831	228,031	-24571,725	0	196,267	239,467	8684,392	0	177,482	222,282
08/04/2020	11:26:33	45,5	1,196	2946,8	-1,123	47,577	34,863	0	181,831	228,031	-25254,287	0	196,267	239,467	8608,211	0	177,482	222,282
09/04/2020	11:26:33	45,51	1,186	2946,9	-1,136	47,564	35,506	0	181,831	228,031	-25975,855	0	196,267	239,467	8533,354	270	176,051	220,851
09/04/2020	11:26:33	45,54	1,194	2947	-1,15	47,55	36,045	0	181,831	228,031	-26352,252	0	196,267	239,467	8496,42	0	177,482	222,282
10/04/2020	11:26:33	45,56	1,191	2946,8	-1,123	47,577	35,302	0	181,831	228,031	-26739,867	0	196,267	239,467	8459,79	0	177,482	222,282
10/04/2020	11:26:33	45,59	1,203	0	199,643	248,343	-6358,058	0	181,831	228,031	-28411,148	0	196,267	239,467	8316,401	0	177,482	222,282
11/04/2020	11:26:33	45,61	1,191	0	199,643	248,343	-6419,386	0	181,831	228,031	-29808,359	0	196,267	239,467	8212,015	0	177,482	222,282
11/04/2020	11:26:33	45,63	1,207	0	199,643	248,343	-6460,937	0	181,831	228,031	-30818,836	0	196,267	239,467	8143,864	0	177,482	222,282
12/04/2020	11:26:33	45,65	1,207	0	199,643	248,343	-6503,029	0	181,831	228,031	-31900,223	0	196,267	239,467	8076,835	0	177,482	222,282
12/04/2020	11:26:33	45,66	1,223	0	199,643	248,343	-6545,673	0	181,831	228,031	-33060,262	0	196,267	239,467	8010,9	0	177,482	222,282
13/04/2020	11:26:33	45,68	1,207	0	199,643	248,343	-6588,871	260,1	180,425	226,625	-34042,359	0	196,267	239,467	7946,045	0	177,482	222,282
13/04/2020	11:26:33	45,71	1,23	0	199,643	248,343	-6610,693	0	181,831	228,031	-34967,5	0	196,267	239,467	7913,998	0	177,482	222,282
14/04/2020	11:26:33	45,7	1,229	2947,7	-1,245	47,455	41,507	0	181,831	228,031	-36366,234	0	196,267	239,467	7850,685	0	177,482	222,282
14/04/2020	11:26:33	45,75	1,22	2947,8	-1,259	47,441	42,102	0	181,831	228,031	-37108,277	0	196,267	239,467	7819,412	3019,2	-1,456	43,344
15/04/2020	11:26:33	45,75	1,221	2947,7	-1,245	47,455	41,927	0	181,831	228,031	-38687,383	0	196,267	239,467	7757,597	0	177,482	222,282
15/04/2020	11:26:33	45,77	1,241	0	199,643	248,343	-6767,556	0	181,831	228,031	-40406,859	0	196,267	239,467	7696,751	0	177,482	222,282
16/04/2020	11:26:33	45,77	1,252	0	0	0	0	0	0	0	0	0	0	0	0	0	0	0
19/04/2020	11:26:33	45,89	1,234	0	0	0	0	0	0	0	0	0	0	0	0	0	0	0
19/04/2020	11:26:33	45,89	1,23	0	0	0	0	0	0	0	0	0	0	0	0	0	0	0
20/04/2020	11:26:33	45,93	1,247	0	0	0	0	0	0	0	0	0	0	0	0	0	0	0
20/04/2020	11:26:33	45,94	1,265	0	0	0	0	0	0	0	0	0	0	0	0	0	0	0
26/04/2020	11:26:33	46,11	1,306	0	0	0	0	0	0	0	0	0	0	0	0	0	0	0
27/04/2020	11:26:33	46,14	1,375	0	0	0	0	0	0	0	0	0	0	0	0	0	0	0
19/08/2020	11:26:33	0	0	0	0	0	0	0	0	0	0	0	0	0	0	0	0	0
20/08/2020	11:26:33	0	0	0	0	0	0	0	0	0	0	0	0	0	0	0	0	0
20/08/2020	11:26:33	0	0	0	0	0	0	0	0	0	0	0	0	0	0	0	0	0
21/08/2020	11:26:33	0	0	0	0	0	0	0	0	0	0	0	0	0	0	0	0	0
21/08/2020	11:26:33	0	0	0	0	0	0	0	0	0	0	0	0	0	0	0	0	0
22/08/2020	11:26:33	0	0	0	0	0	0	0	0	0	0	0	0	0	0	0	0	0
22/08/2020	11:26:33	0	0	0	0	0	0	0	0	0	0	0	0	0	0	0	0	0
23/08/2020	11:26:33	0	0	0	0	0	0	0	0	0	0	0	0	0	0	0	0	0
23/08/2020	11:26:33	0	0	0	0	0	0	0	0	0	0	0	0	0	0	0	0	0
24/08/2020	11:26:33	0	0	0	0	0	0	0	0	0	0	0	0	0	0	0	0	0
24/08/2020	11:26:33	0	0	0	0	0	0	0	0	0	0	0	0	0	0	0	0	0
25/08/2020	11:26:33	0	0	0	0	0	0	0	0	0	0	0	0	0	0	0	0	0
25/08/2020	11:26:33	0	0	0	0	0	0	0	0	0	0	0	0	0	0	0	0	0
26/08/2020	11:26:33	0	0	0	0	0	0	0	0	0	0	0	0	0	0	0	0	0
26/08/2020	11:26:33	0	0	0	0	0	0	0	0	0	0	0	0	0	0	0	0	0
27/08/2020	11:26:33	0	0	0	0	0	0	0	0	0	0	0	0	0	0	0	0	0
27/08/2020	11:26:33	0	0	0	0	0	0	0	0	0	0	0	0	0	0	0	0	0
28/08/2020	11:26:33	0	0	0	0	0	0	0	0	0	0	0	0	0	0	0	0	0
28/08/2020	11:26:33	0	0	0	0	0	0	0	0	0	0	0	0	0	0	0	0	0
29/08/2020	11:26:33	0	0	0	0	0	0	0	0	0	0	0	0	0	0	0	0	0
29/08/2020	11:26:33	0	0	0	0	0	0	0	0	0	0	0	0	0	0	0	0	0
30/08/2020	11:26:33	0	0	0	0	0	0	0	0	0	0	0	0	0	0	0	0	0
30/08/2020	11:26:33	0	0	0	0	0	0	0	0	0	0	0	0	0	0	0	0	0
31/08/2020	11:26:33	0	0	0	0	0	0	0	0	0	0	0	0	0	0	0	0	0
31/08/2020	11:26:33	0	0	0	0	0	0	0	0	0	0	0	0	0	0	0	0	0
01/09/2020	11:26:33	0	0	0	0	0	0	0	0	0	0	0	0	0	0	0	0	0
01/09/2020	11:26:33	0	0	0	0	0	0	0	0	0	0	0	0	0	0	0	0	0
02/09/2020	11:26:33	0	0	0	0	0	0	0	0	0	0	0	0	0	0	0	0	0
02/09/2020	11:26:33	0	0	0	0	0	0	0	0	0	0	0	0	0	0	0	0	0
03/09/2020	11:26:33	0	0	0	0	0	0	0	0	0	0	0	0	0	0	0	0	0
03/09/2020	11:26:33	0	0	0	0	0	0	0	0	0	0	0	0	0	0	0	0	0
04/09/2020	11:26:33	0	0	0	0	0	0	0	0	0	0	0	0	0	0	0	0	0
04/09/2020	11:26:33	0	0	0	0	0	0	0	0	0	0	0	0	0	0	0	0	0
05/09/2020	11:26:33	0	0	0	0	0	0	0	0	0	0	0	0	0	0	0	0	0
05/09/2020	11:26:33	0	0	0	0	0	0	0	0	0	0	0	0	0	0	0	0	0
06/09/2020	11:26:33	0	0	0	0	0	0	0	0	0	0	0	0	0	0	0	0	0
06/09/2020	11:26:33	0	0	0	0	0	0	0	0	0	0	0	0	0	0	0	0	0
08/09/2020	11:26:33	44,16	0,952	0	0	0	0	0	0	0	0	0	0	0	0	0	0	0
08/09/2020	11:26:33	44,18	0,939	0	199,643	248,343	-4407,127	0	181,831	228,031	-8957,189	0	196,267	239,467	20233,777	3018,7	-1,397	43,403
09/09/2020	11:26:33	44,15	0,926	0	0	0	0	0	0	0	0	0	0	0	0	0	0	0
09/09/2020	11:26:33	44,16	0,94	190,2	198,807	247,507	-4378,999	0	181,831	228,031	-8913,289	0	196,267	239,467	20444,51	0	177,482	222,282
10/09/2020	11:26:33	44,14	0,926	0	199,643	248,343	-4387,758	0	181,831	228,031	-8869,816	0	196,267	239,467	20659,678	0	177,482	222,282
10/09/2020	11:26:33	44,16	0,939	0	199,643	248,343	-4397,421	0	181,831	228,031	-8913,289	0	196,267	239,467	20444,51	0	177,482	222,282
11/09/2020	11:26:33	44,14	0,928	0	199,643	248,343	-4387,758	0	181,831	228,031	-8869,816	0	196,267	239,467	20659,678	0	177,482	222,282
11/09/2020	11:26:33	44,15	0,926	0	0	0	0	0	0	0	0	0	0	0	0	0	0	0
12/09/2020	11:26:33	44,13	0,922	0	0	0	0	0	0	0	0	0	0	0	0	0	0	0
13/09/2020	11:26:33	44,13	0,908	0	199,643	248,343	-4368,555	0	181,831	228,031	-8784,116	0	196,267	239,467	21103,982	0	177,482	222,282
13/09/2020	11:26:33	44,12	0,92	0	199,643	248,343	-4368,555	0	181,831	228,031	-8784,116	0	196,267	239,467	21103,982	0	177,482	222,282
14/09/2020	11:26:33	44,12	0,92	2950,6	-1,641	47,059	35,823	0	181,831	228,031	-8741,875	0	196,267	239,467	21333,422	0	177,482	222,282
14/09/2020	11:26:33	44,13	0,94	2950,5	-1,627	47,073	35,525	0	181,831	228,031	-8741,875	0	196,267	239,467	21333,422	0	177,482	222,282
15/09/2020	11:26:33	44,1	0,919	0	199,643	248,343	-4359,015	0	181,831	228,031	-8741,875	0	196,267	239,467	21333,422	0	177,482	222,282
15/09/2020	11:26:33	44,11	0,935	0	199,643	248,343	-4349,52	0	181,831	228,031	-8700,056	0	196,267	239,467	21567,818	0	177,482	222,282
16/09/2020	11:26:33	44,1	0,925	0	199,643	248,343	-4340,063	0	181,831	228,031	-8658,618	0	196,267	239,467	21807,512	0	177,482	222,282
16/09/2020	11:26:33	44,1	0,935	0	199,643	248,343	-4247,722	0	181,831	228,031	-8265,051	0	196,267	239,467	24533,412	0	177,482	222,282
17/09/2020	11:26:33	44,1	0,931	2951,1	-1,709	46,991	37,07	0	181,831	228,031	-8617,589	0	196,267	239,467	22052,5	0	177,482	222,282
17/09/2020	11:26:33	44,09	0,932	2951,2	-1,723	46,977	37,366	0	181,831	228,031	-8617,589	0	196,267	239,467	22052,5	0	177,482	222,282
18/09/2020	11:26:33	44,08	0,925	0	199,643	248,343	-4321,277	0	181,831	228,031	-8576,946	0	196,267	239,467	22303,053	0	177,482	222,282
18/09/2020	11:26:33	44,08	0,935	0	199,643	248,343	-4321,277	0	181,831	228,031	-8576,946	0	196,267	239,467	22303,053	0	177,482	222,282
19/09/2020	11:26:33	44,1	0,92	0	199,643	248,343	-4330,649	0	181,831	228,031	-8617,589	0	196,267	239,467	22052,5	0	177,482	222,282
19/09/2020	11:26:33	44,12	0,926	0	0	0	0	0	0	0	0	0	0	0	0	0	0	0
20/09/2020	11:26:33	44,12	0,916	0	199,643	248,343	-4359,015	0	181,831	228,031	-8741,875	0	196,267	239,467	21333,422	0	177,482	222,282
20/09/2020	11:26:33	44,12	0,931	0	199,643	248,343	-4359,015	0	181,831	228,031	-8741,875	0	196,267	239,467	21333,422	0	177,482	222,282
21/09/2020	11:26:33	44,12	0,914	0	199,643	248,343	-4359,015	0	181,831	228,031	-8741,875	0	196,267	239,467	21333,422	0	177,482	222,282
21/09/2020	11:26:33	44,13	0,934	0	199,643	248,343	-4359,015	0	181,831	228,031	-8741,875	0	196,267	239,467	21333,422	199,9	176,698	221,498
22/09/2020	11:26:33	44,11	0,911	0	199,643	248,343	-4359,015	236	180,674	226,874	-8686,233	0	196,267	239,467	21333,422	0	177,482	222,282
22/09/2020	11:26:33	44,12	0,914	0	199,643	248,343	-4359,015	236	180,674	226,874	-8686,233	0	196,267	239,467	21333,422	0	177,482	222,282
23/09/2020	11:26:33	44,11	0,908	0	199,643	248,343	-4349,52	0	181,831	228,031	-8700,056	0	196,267	239,467	21567,818	0	177,482	222,282
23/09/2020	11:26:33	44,12	0,939	0	199,643	248,343	-4349,52	0	181,831	228,031	-8700,056	0	196,267	239,467	21567,818	0	177,482	222,282
24/09/2020	11:26:33	44,11	0,903	0	199,643	248,343	-4349,52	0	181,831	228,031	-8700,056	0	196,267	239,467	21567,818	0	177,482	222,282
24/09/2020	11:26:33	44,11	0,911	0	199,643	248,343	-4349,52	0	181,831	228,031	-8700,056	0	196,267	239,467	21567,818	0	177,482	222,282
25/09/2020	11:26:33	44,1	0,922	0	0	0	0	0	0	0	0	0	0	0	0	0	0	0
25/09/2020	11:26:33	44,11	0,906	0	199,643	248,343	-4330,649	0	181,831	228,031	-8617,589	0	196,267	239,467	22052,5	0	177,482	222,282
26/09/2020	11:26:33	44,09	0,896	0	199,643	248,343	-4349,52	0	181,831	228,031	-8700,056	0	196,267	239,467	21567,818	0	177,482	222,282
26/09/2020	11:26:33	44,1	0,909	0	199,643	248,343	-4330,649	0	181,831	228,031	-8617,589	0	196,267	239,467	22052,5	3018,8	-1,409	43,391
27/09/2020	11:26:33	44,09	0,896	0	199,643	248,343	-4321,277	0	181,831	228,031	-8576,946	0	196,267	239,467	22303,053	3018,8	-1,409	43,391
27/09/2020	11:26:33	44,09	0,897	0	199,643	248,343	-4330,649	0	181,831	228,031	-8617,589	0	196,267	239,467	22052,5	0	177,482	222,282
28/09/2020	11:26:33	44,06	0,887	0	199,643	248,343	-4330,649	0	181,831	228,031	-8617,589	0	196,267	239,467	22052,5	0	177,482	222,282
28/09/2020	11:26:33	44,08	0,896	2950,8	-1,668	47,032	36,104	0	181,831	228,031	-8576,946	0	196,267	239,467	22303,053	0	177,482	222,282
29/09/2020	11:26:33	44,06	0,888	0	199,643	248,343	-4311,942	0	181,831	228,031	-8536,671	0	196,267	239,467	22559,465	0	177,482	222,282
29/09/2020	11:26:33	44,04	8,163	0	199,643	248,343	-4311,942	0	181,831	228,031	-8536,671	0	196,267	239,467	22559,465	3019	-1,432	43,368
30/09/2020	11:26:33	44,03	0,854	0	199,643	248,343	-409,944	0	181,831	228,031	-393,574	0	196,267	239,467	-454,322	0	177,482	222,282
30/09/2020	11:26:33	44,04	0,853	0	199,643	248,343	-4293,396	0	181,831	228,031	-8457,258	0	196,267	239,467	23090,289	0	177,482	222,282
01/10/2020	11:26:33	44,03	0,844	0	199,643	248,343	-4275,008	0	181,831	228,031	-8379,309	0	196,267	239,467	23646,695	0	177,482	222,282
01/10/2020	11:26:33	44,02	0,869	0	199,643	248,343	-4284,184	0	181,831	228,031	-8418,11	0	196,267	239,467	23365,127	0	177,482	222,282
02/10/2020	11:26:33	44,03	0,843	0	199,643	248,343	-4265,875	0	181,831	228,031	-8340,878	0	196,267	239,467	23935,021	0	177,482	222,282
02/10/2020	11:26:33	44,03	0,84	0	199,643	248,343	-4265,875	0	181,831	228,031	-8340,878	0	196,267	239,467	23935,021	0	177,482	222,282
03/10/2020	11:26:33	44,01	0,827	0	199,643	248,343	-4265,875	0	181,831	228,031	-8340,878	0	196,267	239,467	23935,021	0	177,482	222,282
03/10/2020	11:26:33	44,03	0,84	0	199,643	248,343	-4256,777	0	181,831	228,031	-8302,784	0	196,267	239,467	24230,58	0	177,482	222,282
04/10/2020	11:26:33	44,02	0,827	0	199,643	248,343	-4256,777	0	181,831	228,031	-8302,784	0	196,267	239,467	24230,58	0	177,482	222,282
04/10/2020	11:26:33	44,01	0,841	0	199,643	248,343	-4256,777	205	180,958	227,158	-8262,908	0	196,267	239,467	24230,58	0	177,482	222,282
05/10/2020	11:26:33	43,99	0,818	0	199,643	248,343	-4256,777	0	181,831	228,031	-8302,784	0	196,267	239,467	24230,58	3018,8	-1,409	43,391
05/10/2020	11:26:33	44	0,839	0	0	0	0	0	0	0	0	0	0	0	0	0	0	0
06/10/2020	11:26:33	44	0,839	0	0	0	0	0	0	0	0	0	0	0	0	0	0	0
06/10/2020	11:26:33	43,99	0,831	0	0	0	0	0	0	0	0	0	0	0	0	0	0	0
07/10/2020	11:26:33	43,98	0,831	0	0	0	0	0	0	0	0	0	0	0	0	0	0	0
07/10/2020	11:26:33	43,97	0,834	0	0	0	0	0	0	0	0	0	0	0	0	0	0	0
08/10/2020	11:26:33	43,97	0,826	0	199,643	248,343	-4220,782	0	181,831	228,031	-8153,866	0	196,267	239,467	25489,219	0	177,482	222,282
08/10/2020	11:26:33	43,98	0,818	0	0	0	0	0	0	0	0	0	0	0	0	0	0	0
09/10/2020	11:26:33	43,97	0,811	2950,1	-1,573	47,127	33,175	0	181,831	228,031	-8117,457	0	196,267	239,467	25824,676	0	177,482	222,282
09/10/2020	11:26:33	43,96	0,811	0	199,643	248,343	-4220,782	0	181,831	228,031	-8153,866	3020,6	-0,082	43,118	-10,637	3018,6	-1,385	43,415
11/10/2020	11:26:33	43,96	0,824	0	0	0	0	0	0	0	0	0	0	0	0	0	0	0
12/10/2020	11:26:33	43,94	0,804	2950,1	-1,573	47,127	33,105	0	181,831	228,031	-8081,386	0	196,267	239,467	26168,949	258,9	176,167	220,967
12/10/2020	11:26:33	43,94	0,837	0	199,643	248,343	-4194,178	0	181,831	228,031	-8045,62	0	196,267	239,467	26522,66	0	177,482	222,282
13/10/2020	11:26:33	43,92	0,807	0	199,643	248,343	-4185,387	0	181,831	228,031	-8010,182	0	196,267	239,467	26885,922	0	177,482	222,282
13/10/2020	11:26:33	43,94	0,803	2950,5	-1,627	47,073	33,968	201	180,992	227,192	-7903,562	0	196,267	239,467	27643,289	0	177,482	222,282
14/10/2020	11:26:33	43,9	0,792	0	199,643	248,343	-4167,911	0	181,831	228,031	-7940,223	0	196,267	239,467	27643,289	0	177,482	222,282
14/10/2020	11:26:33	43,93	0,81	0	199,643	248,343	-4159,229	219,5	180,83	227,03	-7862,177	0	196,267	239,467	28038,129	0	177,482	222,282
15/10/2020	11:26:33	43,9	0,796	0	199,643	248,343	-4167,911	0	181,831	228,031	-7940,223	0	196,267	239,467	27643,289	0	177,482	222,282
15/10/2020	11:26:33	43,92	0,803	0	199,643	248,343	-4167,911	0	181,831	228,031	-7940,223	0	196,267	239,467	27643,289	0	177,482	222,282
16/10/2020	11:26:33	43,9	0,788	2950,2	-1,586	47,114	32,976	0	181,831	228,031	-7871,475	0	196,267	239,467	28444,564	0	177,482	222,282
16/10/2020	11:26:33	43,92	0,804	0	0	0	0	0	0	0	0	0	0	0	0	0	0	0
17/10/2020	11:26:33	43,9	0,775	0	199,643	248,343	-4167,911	0	181,831	228,031	-7940,223	0	196,267	239,467	27643,289	0	177,482	222,282
17/10/2020	11:26:33	43,91	0,803	194,6	198,767	247,467	-4149,632	0	181,831	228,031	-7940,223	0	196,267	239,467	27643,289	0	177,482	222,282
18/10/2020	11:26:33	43,9	0,785	0	199,643	248,343	-4167,911	0	181,831	228,031	-7940,223	210,8	195,311	238,511	27508,604	225	176,489	221,289
18/10/2020	11:26:33	43,9	0,803	0	199,643	248,343	-4159,229	0	181,831	228,031	-7905,706	0	196,267	239,467	28038,129	0	177,482	222,282
19/10/2020	11:26:33	43,89	0,795	0	199,643	248,343	-4167,911	0	181,831	228,031	-7940,223	0	196,267	239,467	27643,289	220	176,532	221,332
19/10/2020	11:26:33	43,91	0,813	0	199,643	248,343	-4150,58	0	181,831	228,031	-7871,475	0	196,267	239,467	28444,564	0	177,482	222,282
20/10/2020	11:26:33	43,89	0,833	0	199,643	248,343	-4159,229	0	181,831	228,031	-7905,706	0	196,267	239,467	28038,129	0	177,482	222,282
20/10/2020	11:26:33	43,91	0,823	0	199,643	248,343	-4167,911	0	181,831	228,031	-7940,223	0	196,267	239,467	27643,289	0	177,482	222,282
21/10/2020	11:26:33	43,92	0,807	0	199,643	248,343	-4159,229	0	181,831	228,031	-7905,706	0	196,267	239,467	28038,129	0	177,482	222,282
21/10/2020	11:26:33	43,92	0,82	0	199,643	248,343	-4167,911	0	181,831	228,031	-7940,223	0	196,267	239,467	27643,289	0	177,482	222,282
22/10/2020	11:26:33	43,91	0,8	0	199,643	248,343	-4176,629	0	181,831	228,031	-7975,043	0	196,267	239,467	27259,418	0	177,482	222,282
22/10/2020	11:26:33	43,93	0,81	0	199,643	248,343	-4176,629	0	181,831	228,031	-7975,043	0	196,267	239,467	27259,418	0	177,482	222,282
23/10/2020	11:26:33	43,91	0,788	0	0	0	0	0	0	0	0	0	0	0	0	0	0	0
23/10/2020	11:26:33	43,92	0,797	0	0	0	0	0	0	0	0	0	0	0	0	0	0	0
24/10/2020	11:26:33	43,91	0,793	0	199,643	248,343	-4167,911	0	181,831	228,031	-7940,223	240	195,028	238,228	27468,705	0	177,482	222,282
24/10/2020	11:26:33	43,92	0,81	0	199,643	248,343	-4167,911	0	181,831	228,031	-7940,223	0	196,267	239,467	27643,289	0	177,482	222,282
25/10/2020	10:26:33	43,91	0,8	0	199,643	248,343	-4159,229	0	181,831	228,031	-7905,706	0	196,267	239,467	28038,129	0	177,482	222,282
25/10/2020	10:26:33	43,93	0,803	0	199,643	248,343	-4167,911	0	181,831	228,031	-7940,223	0	196,267	239,467	27643,289	0	177,482	222,282
26/10/2020	10:26:33	43,91	0,781	0	199,643	248,343	-4176,629	0	181,831	228,031	-7975,043	0	196,267	239,467	27259,418	0	177,482	222,282
26/10/2020	10:26:33	43,92	0,802	0	199,643	248,343	-4167,911	221	180,816	227,016	-7895,904	0	196,267	239,467	27643,289	0	177,482	222,282
27/10/2020	10:26:33	43,91	0,778	0	0	0	0	0	0	0	0	0	0	0	0	0	0	0
27/10/2020	10:26:33	43,92	0,803	0	199,643	248,343	-4176,629	0	181,831	228,031	-7975,043	0	196,267	239,467	27259,418	0	177,482	222,282
28/10/2020	10:26:33	43,91	0,788	2949,2	-1,45	47,25	30,329	2957,8	0,036	46,236	-1,564	3020,6	-0,082	43,118	-11,376	3018,5	-1,373	43,427
28/10/2020	10:26:33	43,92	0,797	2949,3	-1,463	47,237	30,487	2958	0,011	46,211	-0,482	3020,7	-0,095	43,105	-13,555	3018,5	-1,373	43,427
29/10/2020	10:26:33	43,91	0,779	2949,1	-1,436	47,264	30,044	2957,5	0,073	46,273	-3,182	3020,6	-0,082	43,118	-11,376	3018,4	-1,361	43,439
29/10/2020	10:26:33	43,91	0,803	2949,2	-1,45	47,25	30,202	2957,5	0,073	46,273	-3,154	3020,6	-0,082	43,118	-11,701	3018,4	-1,361	43,439
30/10/2020	10:26:33	43,91	0,792	2949,2	-1,45	47,25	30,265	2957,6	0,06	46,26	-2,631	0	196,267	239,467	27643,289	3018,5	-1,373	43,427
30/10/2020	10:26:33	43,91	0,8	2949	-1,422	47,278	29,696	2957,7	0,048	46,248	-2,094	3020,7	-0,095	43,105	-13,364	3018,5	-1,373	43,427
31/10/2020	10:26:33	43,91	0,795	0	0	0	0	0	0	0	0	0	0	0	0	0	0	0
02/11/2020	10:26:33	43,91	0,802	0	0	0	0	0	0	0	0	0	0	0	0	0	0	0
03/11/2020	10:26:33	43,91	0,789	2949,1	-1,436	47,264	29,981	2957,7	0,048	46,248	-2,094	0	196,267	239,467	27643,289	3018,8	-1,409	43,391
03/11/2020	10:26:33	43,9	0,797	2949,1	-1,436	47,264	29,919	2957,7	0,048	46,248	-2,085	0	196,267	239,467	28038,129	3018,8	-1,409	43,391
04/11/2020	10:26:33	43,89	0,792	2949,6	-1,504	47,196	31,405	2958	0,011	46,211	-0,484	3021,1	-0,147	43,053	-20,693	3019,3	-1,468	43,332
04/11/2020	10:26:33	43,91	0,846	0	0	0	0	0	0	0	0	0	0	0	0	0	0	0
05/11/2020	10:26:33	43,93	0,821	2949,9	-1,545	47,155	32,258	2958,3	-0,026	46,174	1,127	3021,4	-0,186	43,014	-26,182	3019,6	-1,504	43,296
05/11/2020	10:26:33	43,93	0,814	2949,9	-1,545	47,155	32,394	2957	0,134	46,334	-5,903	3021,4	-0,186	43,014	-25,464	3019,6	-1,504	43,296
06/11/2020	10:26:33	43,92	0,804	2949,7	-1,518	47,182	31,689	2956,4	0,208	46,408	-9,072	0	196,267	239,467	27643,289	3019,5	-1,492	43,308
06/11/2020	10:26:33	43,94	0,844	2949,8	-1,532	47,168	32,108	2956,5	0,195	46,395	-8,61	3021,5	-0,199	43,001	-27,248	3019,6	-1,504	43,296
07/11/2020	10:26:33	43,94	0,807	2949,5	-1,491	47,209	31,185	2956,1	0,245	46,445	-10,726	3021,4	-0,186	43,014	-25,818	3019,4	-1,48	43,32
07/11/2020	10:26:33	43,94	0,816	2949	-1,422	47,278	29,884	2955,1	0,367	46,567	-16,256	3020,8	-0,108	43,092	-14,581	3018,6	-1,385	43,415
08/11/2020	10:26:33	43,94	0,806	2948,8	-1,395	47,305	29,188	2955,2	0,355	46,555	-15,576	0	196,267	239,467	27259,418	3018,7	-1,397	43,403
08/11/2020	10:26:33	43,94	0,814	2949	-1,422	47,278	29,884	0	181,831	228,031	-8045,62	3021	-0,134	43,066	-18,094	3018,8	-1,409	43,391
09/11/2020	10:26:33	43,93	0,799	2949	-1,422	47,278	29,759	2953,7	0,539	46,739	-23,655	3020,8	-0,108	43,092	-14,986	3018,7	-1,397	43,403
09/11/2020	10:26:33	43,94	0,814	2948,8	-1,395	47,305	29,249	2953,8	0,527	46,727	-23,217	3020	-0,004	43,196	-0,534	3018,6	-1,385	43,415
10/11/2020	10:26:33	43,93	0,816	0	0	0	0	0	0	0	0	0	0	0	0	0	0	0
11/11/2020	10:26:33	43,93	0,809	0	0	0	0	0	0	0	0	0	0	0	0	0	0	0
12/11/2020	10:26:33	43,92	0,806	2949,1	-1,436	47,264	30,107	2952,6	0,674	46,874	-29,705	3019,6	0,048	43,248	6,586	3019,1	-1,444	43,356
12/11/2020	10:26:33	43,93	0,807	2949,1	-1,436	47,264	30,107	2952,7	0,662	46,862	-29,165	3019,5	0,061	43,261	8,369	3019	-1,432	43,368
13/11/2020	10:26:33	43,93	0,809	2949,1	-1,436	47,264	30,17	2952,7	0,662	46,862	-29,294	3019,6	0,048	43,248	6,497	3019	-1,432	43,368
13/11/2020	10:26:33	43,93	0,814	2949,1	-1,436	47,264	30,17	2952,7	0,662	46,862	-29,294	3019,5	0,061	43,261	8,256	3019	-1,432	43,368
14/11/2020	10:26:33	43,93	0,809	0	0	0	0	0	0	0	0	0	0	0	0	0	0	0
15/11/2020	10:26:33	43,93	0,796	0	0	0	0	0	0	0	0	0	0	0	0	0	0	0
16/11/2020	10:26:33	43,94	0,792	2949,1	-1,436	47,264	30,107	2952,5	0,687	46,887	-30,246	3019,7	0,035	43,235	4,808	3018,6	-1,385	43,415
16/11/2020	10:26:33	43,93	0,802	2949,1	-1,436	47,264	30,107	2952,4	0,699	46,899	-30,787	3019,4	0,074	43,274	10,15	3018,5	-1,373	43,427
17/11/2020	10:26:33	43,93	0,799	2949,1	-1,436	47,264	30,044	2952,4	0,699	46,899	-30,652	3019,4	0,074	43,274	10,291	3018,5	-1,373	43,427
17/11/2020	10:26:33	43,95	0,807	2949	-1,422	47,278	29,821	2952,5	0,687	46,887	-30,246	3019,4	0,074	43,274	10,15	3018,4	-1,361	43,439
18/11/2020	10:26:33	43,94	0,799	2949	-1,422	47,278	29,821	2952,4	0,699	46,899	-30,787	3019,5	0,061	43,261	8,369	3018,5	-1,373	43,427
18/11/2020	10:26:33	43,93	0,802	2949	-1,422	47,278	29,821	2952,6	0,674	46,874	-29,705	3019,5	0,061	43,261	8,369	3018,5	-1,373	43,427
19/11/2020	10:26:33	43,94	0,795	2948,9	-1,409	47,291	29,597	2952,7	0,662	46,862	-29,294	3019,4	0,074	43,274	10,013	3018,7	-1,397	43,403
19/11/2020	10:26:33	43,95	0,802	2948,9	-1,409	47,291	29,597	2952,5	0,687	46,887	-30,38	3019,4	0,074	43,274	10,013	3018,3	-1,35	43,45
20/11/2020	10:26:33	43,95	0,789	2948,8	-1,395	47,305	29,373	2952,6	0,674	46,874	-29,969	3019,4	0,074	43,274	9,879	3018,4	-1,361	43,439
20/11/2020	10:26:33	43,96	0,796	2949	-1,422	47,278	29,946	2952,9	0,638	46,838	-28,334	3019,5	0,061	43,261	8,146	3018,7	-1,397	43,403
21/11/2020	10:26:33	43,97	0,785	2949	-1,422	47,278	29,946	2952,8	0,65	46,85	-28,879	3019,7	0,035	43,235	4,68	3018,5	-1,373	43,427
21/11/2020	10:26:33	43,98	0,802	2949	-1,422	47,278	30,073	2952,9	0,638	46,838	-28,588	3019,9	0,009	43,209	1,185	3018,5	-1,373	43,427
22/11/2020	10:26:33	43,97	0,785	2949	-1,422	47,278	30,073	2952,8	0,65	46,85	-29,138	3019,6	0,048	43,248	6,244	3018,4	-1,361	43,439
22/11/2020	10:26:33	43,97	0,8	0	0	0	0	0	0	0	0	0	0	0	0	0	0	0
23/11/2020	10:26:33	43,95	0,799	2948,9	-1,409	47,291	29,785	2953,1	0,613	46,813	-27,486	3019,6	0,048	43,248	6,244	3018,4	-1,361	43,439
23/11/2020	10:26:33	43,97	0,806	2948,9	-1,409	47,291	29,659	2953,2	0,601	46,801	-26,697	3019,8	0,022	43,222	2,947	3018,5	-1,373	43,427
24/11/2020	10:26:33	43,96	0,809	2948,9	-1,409	47,291	29,659	2953,5	0,564	46,764	-25,061	3019,8	0,022	43,222	2,947	3018,6	-1,385	43,415
24/11/2020	10:26:33	43,97	0,821	2949	-1,422	47,278	29,946	2953,8	0,527	46,727	-23,423	3019,9	0,009	43,209	1,217	3019	-1,432	43,368
25/11/2020	10:26:33	43,98	0,882	2949,2	-1,45	47,25	30,585	2954,2	0,478	46,678	-21,337	3020,3	-0,043	43,157	-5,643	3019,4	-1,48	43,32
25/11/2020	10:26:33	43,99	0,882	2949,4	-1,477	47,223	31,359	2952,8	0,65	46,85	-29,401	3020,6	-0,082	43,118	-10,368	3019,8	-1,527	43,273
26/11/2020	10:26:33	43,99	0,856	2949,6	-1,504	47,196	31,871	2952,6	0,674	46,874	-30,374	3019,8	0,022	43,222	2,833	3020	-1,551	43,249
26/11/2020	10:26:33	43,99	0,853	2949,6	-1,504	47,196	31,938	2952,8	0,65	46,85	-29,401	3019	0,126	43,326	15,957	3020	-1,551	43,249
27/11/2020	10:26:33	43,99	0,844	2949,6	-1,504	47,196	31,938	2953	0,625	46,825	-28,291	3018,7	0,165	43,365	20,893	3020,1	-1,563	43,237
27/11/2020	10:26:33	44	0,847	2949,7	-1,518	47,182	32,228	2953,2	0,601	46,801	-27,18	3019	0,126	43,326	15,957	3020,1	-1,563	43,237
28/11/2020	10:26:33	44,03	0,847	2949,6	-1,504	47,196	32,075	2953,2	0,601	46,801	-27,429	3019,2	0,1	43,3	12,357	3019,9	-1,539	43,261
28/11/2020	10:26:33	44,05	0,853	2949,6	-1,504	47,196	32,143	2953	0,625	46,825	-28,68	0	196,267	239,467	23935,021	3019,8	-1,527	43,273
29/11/2020	10:26:33	44,06	0,85	2949,4	-1,477	47,223	31,763	2952,6	0,674	46,874	-31,363	3019,2	0,1	43,3	11,775	3019,5	-1,492	43,308
29/11/2020	10:26:33	44,07	0,853	2949,3	-1,463	47,237	31,538	2952,4	0,699	46,899	-32,658	3019,2	0,1	43,3	11,638	3019,4	-1,48	43,32
30/11/2020	10:26:33	44,07	0,844	2949,2	-1,45	47,25	31,379	2952,3	0,711	46,911	-33,543	3019	0,126	43,326	14,325	3019,2	-1,456	43,344
30/11/2020	10:26:33	44,08	0,856	2949	-1,422	47,278	30,656	2952,1	0,736	46,936	-34,376	3018,8	0,152	43,352	17,679	3019	-1,432	43,368
01/12/2020	10:26:33	44,08	0,853	2948,9	-1,409	47,291	30,56	2952,2	0,723	46,923	-34,284	3018,8	0,152	43,352	17,083	3018,9	-1,421	43,379
01/12/2020	10:26:33	44,09	0,856	2948,9	-1,409	47,291	30,494	2952,4	0,699	46,899	-32,966	3018,8	0,152	43,352	17,277	3019,1	-1,444	43,356
02/12/2020	10:26:33	44,08	0,854	2949	-1,422	47,278	30,789	2952,8	0,65	46,85	-30,65	3018,8	0,152	43,352	17,277	3019,5	-1,492	43,308
02/12/2020	10:26:33	44,1	0,85	2949	-1,422	47,278	30,923	2952,8	0,65	46,85	-30,941	3019,1	0,113	43,313	12,563	3019,4	-1,48	43,32
03/12/2020	10:26:33	44,09	0,859	2949,1	-1,436	47,264	31,22	2952,9	0,638	46,838	-30,358	3019,1	0,113	43,313	12,563	3019,6	-1,504	43,296
03/12/2020	10:26:33	44,09	0,882	2949,2	-1,45	47,25	31,447	2953,2	0,601	46,801	-28,469	3019,1	0,113	43,313	12,704	3019,8	-1,527	43,273
04/12/2020	10:26:33	44,09	0,857	2949,5	-1,491	47,209	32,476	2953,7	0,539	46,739	-25,805	3019,3	0,087	43,287	9,568	3020,4	-1,598	43,202
04/12/2020	10:26:33	44,13	0,863	2949,7	-1,518	47,182	32,998	2953,6	0,552	46,752	-26,265	3019,5	0,061	43,261	6,788	3020,3	-1,587	43,213
05/12/2020	10:26:33	44,15	0,85	2949,5	-1,491	47,209	32,689	2953,3	0,588	46,788	-28,563	3019,6	0,048	43,248	5,114	3019,8	-1,527	43,273
05/12/2020	10:26:33	44,19	0,871	2949,3	-1,463	47,237	32,233	2953	0,625	46,825	-30,648	3019,6	0,048	43,248	5,008	3019,5	-1,492	43,308
06/12/2020	10:26:33	44,21	0,852	2949,1	-1,436	47,264	31,843	2953,1	0,613	46,813	-30,495	3019,5	0,061	43,261	6,171	3019,3	-1,468	43,332
06/12/2020	10:26:33	44,24	0,885	2949	-1,422	47,278	31,751	2953,1	0,613	46,813	-30,957	3019,4	0,074	43,274	7,264	3019,2	-1,456	43,344
07/12/2020	10:26:33	44,24	0,89	2949	-1,422	47,278	31,894	2953,2	0,601	46,801	-30,647	3019,4	0,074	43,274	7,124	3019,3	-1,468	43,332
07/12/2020	10:26:33	44,27	0,899	2948,9	-1,409	47,291	31,517	2953,2	0,601	46,801	-30,492	3019,5	0,061	43,261	5,932	3019,3	-1,468	43,332
08/12/2020	10:26:33	44,29	0,89	2948,9	-1,409	47,291	31,874	2953,3	0,588	46,788	-30,646	3019,4	0,074	43,274	6,861	3019,2	-1,456	43,344
08/12/2020	10:26:33	44,32	0,903	2948,7	-1,382	47,318	31,47	2953,1	0,613	46,813	-32,431	3019,3	0,087	43,287	7,844	3018,9	-1,421	43,379
09/12/2020	10:26:33	44,32	0,902	2948,7	-1,382	47,318	31,47	2953,1	0,613	46,813	-32,431	3019,3	0,087	43,287	7,844	3018,8	-1,409	43,391
09/12/2020	10:26:33	44,32	0,923	2948,5	-1,354	47,346	30,92	2953,1	0,613	46,813	-32,604	3019,2	0,1	43,3	8,937	3018,9	-1,421	43,379
10/12/2020	10:26:33	44,34	0,926	2948,6	-1,368	47,332	31,447	2953,5	0,564	46,764	-30,479	3019,7	0,035	43,235	3,052	3019,2	-1,456	43,344
10/12/2020	10:26:33	44,36	0,926	2948,6	-1,368	47,332	31,447	2953,6	0,552	46,752	-29,814	3019,3	0,087	43,287	7,571	3019,2	-1,456	43,344
11/12/2020	10:26:33	44,37	0,922	2948,6	-1,368	47,332	31,519	2953,7	0,539	46,739	-29,311	3019,4	0,074	43,274	6,387	3019,2	-1,456	43,344
11/12/2020	10:26:33	44,38	0,937	2948,6	-1,368	47,332	31,519	2953,7	0,539	46,739	-29,311	3019,4	0,074	43,274	6,387	3019,1	-1,444	43,356
12/12/2020	10:26:33	44,42	0,925	2948,6	-1,368	47,332	31,813	2953,8	0,527	46,727	-29,279	3019,4	0,074	43,274	6,174	3019,1	-1,444	43,356
12/12/2020	10:26:33	44,45	0,942	2948,5	-1,354	47,346	31,716	2954	0,502	46,702	-28,389	3019,5	0,061	43,261	4,967	3019,2	-1,456	43,344
13/12/2020	10:26:33	44,47	0,931	2948,7	-1,382	47,318	32,583	2954,4	0,453	46,653	-26,056	3019,7	0,035	43,235	2,786	3019,5	-1,492	43,308
13/12/2020	10:26:33	44,49	0,945	2948,7	-1,382	47,318	32,816	2954,5	0,441	46,641	-25,795	3019,8	0,022	43,222	1,713	3019,6	-1,504	43,296
